1.49
1.47
1.49
1.52
1.5
1.49
1.49
1.52
1.52
1.52
1.54
1.57
1.63
1.75
1.75
1.72
1.7
1.64
1.59
1.57
1.57
1.57
1.54
1.54
1.5
1.5
1.51
1.49
1.48
1.47
1.49
1.48
1.51
1.56
1.6
1.62
1.62
1.64
1.65
1.69
1.72
1.74
1.72
1.74
1.76
1.78
1.79
1.81
1.81
1.84
1.94
2.02
2.06
2.05
2.03
1.99
1.94
1.92
1.9
1.92
1.93
1.91
1.89
1.88
1.88
1.88
1.87
1.85
1.85
1.87
1.92
1.94
1.99
2.04
2.03
2.03
2
1.97
1.95
1.95
1.91
1.85
1.82
1.79
1.78
1.79
1.82
1.85
1.91
1.91
1.9
1.91
1.93
2
2.06
2.11
2.15
2.22
2.28
2.24
2.24
2.24
2.19
2.16
2.13
2.1
2.12
2.13
2.16
2.22
2.23
2.33
2.32
2.29
2.29
2.37
2.55
2.61
2.61
3.07
2.96
2.79
2.8
2.93
2.85
2.73
2.6
2.48
2.38
2.3
2.2
2.15
2.15
2.19
2.21
2.2
2.24
2.33
2.32
2.34
2.36
2.34
2.28
2.24
2.25
2.33
2.37
2.5
2.5
2.59
2.68
2.78
2.91
2.92
2.91
2.95
2.89
2.87
2.89
2.91
2.87
2.87
2.93
2.97
2.99
3
3
3.04
3
2.92
2.85
2.73
2.62
2.5
2.38
2.31
2.26
2.23
2.21
2.22
2.2
2.23
2.24
2.25
2.3
2.29
2.32
2.34
2.33
2.31
2.23
2.17
2.17
2.19
2.24
2.3
2.38
2.51
2.56
2.58
2.61
2.71
2.8
2.88
2.87
2.97
3.05
3.1
3.22
3.21
3.16
3.08
3.01
2.98
2.96
2.98
3.05
2.96
2.88
2.84
2.77
2.79
2.75
2.8
2.82
2.79
2.81
2.79
2.77
2.76
2.82
2.87
3.01
3.11
3.1
3.1
3.06
3
3
2.98
3.05
3.11
3.07
3.02
2.98
2.98
2.96
3.04
3.13
3.16
3.23
3.28
3.26
3.29
3.33
3.39
3.51
3.6
3.61
3.72
3.79
3.94
3.98
4.04
4.08
4.08
4.1
4.11
4.11
4.06
3.96
3.88
3.81
3.74
3.69
3.68
3.65
3.84
3.72
3.63
3.48
3.15
2.91
2.66
2.4
2.22
2.07
1.89
1.81
1.7
1.66
1.65
1.61
1.68
1.78
1.85
1.84
1.89
1.93
1.96
1.91
1.93
1.94
1.91
1.96
2.05
2.04
2.05
2.06
2.05
2.08
2.24
2.31
2.44
2.52
2.62
2.67
2.69
2.64
2.61
2.53
2.46
2.5
2.56
2.65
2.64
2.63
2.61
2.59
2.58
2.55
2.5
2.47
2.49
2.57
2.67
2.69
2.67
2.63
2.64
2.63
2.63
2.6
2.59
2.61
2.67
2.75
2.74
2.71
2.66
2.65
2.61
2.66
2.7
2.75
2.79
2.82
2.8
2.83
2.86
2.86
2.85
2.9
2.91
2.86
2.79
2.73
2.73
2.7
2.74
2.76
2.73
2.72
2.72
2.75
2.74
2.78
2.75
2.7
2.68
2.68
2.72
2.72
2.69
2.73
2.82
2.83
2.82
2.81
2.87
2.89
2.88
2.86
2.96
2.98
2.98
3.05
3.07
3.09
3.1
3.11
3.1
3.13
3.14
3.19
3.38
3.52
3.57
3.56
3.6
3.68
3.79
3.84
3.88
3.96
3.97
3.96
3.85
3.79
3.78
3.71
3.65
3.57
3.58
3.64
3.68
3.7
3.71
3.67
3.6
3.58
3.63
3.67
3.66
3.6
3.51
3.43
3.42
3.48
3.46
3.45
3.42
3.44
3.37
3.31
3.29
3.29
3.23
3.26
3.3
3.38
3.39
3.39
3.44
3.48
3.52
3.59
3.72
3.79
3.83
3.87
3.92
3.94
3.94
3.92
3.87
3.83
3.79
3.75
3.72
3.67
3.61
3.57
3.53
3.44
3.36
3.41
3.43
3.49
3.51
3.65
3.72
3.74
3.78
3.84
3.85
3.88
3.83
3.8
3.85
3.82
3.69
3.57
3.49
3.45
3.43
3.44
3.39
3.35
3.25
3.26
3.3
3.3
3.3
3.32
3.36
3.54
3.61
3.75
3.78
3.76
3.71
3.7
3.68
3.65
3.61
3.54
3.54
3.52
3.54
3.6
3.67
3.65
3.65
3.66
3.63
3.58
3.5
3.49
3.64
3.68
3.65
3.63
3.56
3.55
3.55
3.61
3.59
3.55
3.5
3.43
3.37
3.35
3.36
3.29
3.27
3.19
3.22
3.29
3.27
3.27
3.24
3.27
3.33
3.33
3.33
3.3
3.3
3.29
3.31
3.38
3.44
3.48
3.51
3.55
3.55
3.58
3.6
3.65
3.68
3.71
3.68
3.67
3.67
3.67
3.69
3.67
3.69
3.7
3.7
3.68
3.64
3.59
3.54
3.52
3.51
3.47
3.45
3.46
3.46
3.41
3.35
3.35
3.3
3.21
3.12
3.06
2.99
2.94
2.89
2.82
2.78
2.68
2.55
2.4
2.3
2.21
2.14
2.07
2.04
2.07
2.19
2.27
2.33
2.47
2.49
2.45
2.46
2.45
2.41
2.41
2.49
2.57
2.66
2.69
2.74
2.77
2.78
2.78
2.84
2.81
2.8
2.79
2.83
2.8
2.75
2.69
2.63
2.72
2.64
2.51
2.44
2.38
2.33
2.32
2.32
2.34
2.28
2.23
2.22
2.24
2.18
2.09
2.06
2.05
2.04
2.03
2.03
2.03
2
1.91
1.86
1.82
1.76
1.72
1.73
1.78
1.84
1.96
2.01
2.07
2.08
2.07
2.14
2.16
2.24
2.22
2.24
2.3
2.34
2.38
2.4
2.35
2.33
2.29
2.25
2.23
2.18
2.16
2.15
2.15
2.19
2.24
2.22
2.2
2.23
2.22
2.25
2.27
2.26
2.24
2.23
2.23
2.18
2.16
2.15
2.21
2.24
2.26
2.31
2.38
2.39
2.36
2.33
2.3
2.29
2.31
2.3
2.31
2.34
2.32
2.32
2.32
2.36
2.42
2.44
2.45
2.41
2.37
2.37
2.4
2.41
2.41
2.37
2.32
2.29
2.26
2.3
2.28
2.31
2.35
2.38
2.38
2.36
2.4
2.68
2.69
2.63
2.58
2.57
2.5
2.49
2.48
2.49
2.56
2.59
2.57
2.53
2.5
2.49
2.45
2.47
2.52
2.52
2.56
2.57
2.61
2.64
2.61
2.56
2.55
2.56
2.56
2.6
2.65
2.7
2.69
2.75
2.8
2.85
2.85
2.87
2.92
2.96
2.94
2.91
2.88
2.83
2.84
2.86
2.87
2.83
2.85
2.85
2.84
2.82
2.83
2.82
2.83
2.84
2.84
2.87
2.9
2.88
2.84
2.81
2.75
2.69
2.61
2.54
2.45
2.42
2.37
2.32
2.27
2.24
2.25
2.25
2.26
2.25
2.28
2.32
2.39
2.42
2.47
2.55
2.62
2.69
2.75
2.83
2.84
2.89
2.9
2.87
2.85
2.82
2.81
2.73
2.67
2.65
2.71
2.74
2.78
2.75
2.72
2.69
2.62
2.6
2.57
2.56
2.55
2.55
2.65
2.64
2.65
2.63
2.64
2.6
2.61
2.62
2.59
2.58
2.58
2.56
2.54
2.53
2.57
2.58
2.57
2.54
2.51
2.46
2.42
2.43
2.47
2.42
2.38
2.25
2.12
2.01
1.92
1.85
1.81
1.77
1.79
1.85
1.88
1.96
1.97
2.04
2.1
2.13
2.17
2.18
2.2
2.19
2.18
2.18
2.17
2.17
2.18
2.22
2.21
2.18
2.17
2.17
2.17
2.17
2.15
2.14
2.11
2.1
2.11
2.1
2.12
2.16
2.16
2.22
2.24
2.25
2.32
2.38
2.39
2.41
2.46
2.5
2.63
2.71
2.77
2.85
2.87
2.85
2.86
2.85
2.86
2.87
2.89
2.96
3.03
3.02
3.03
3.04
3.07
3.06
3.09
3.12
3.13
3.15
3.14
3.16
3.17
3.17
3.15
3.14
3.18
3.17
3.18
3.18
3.19
3.27
3.32
3.38
3.39
3.41
3.4
3.4
3.38
3.34
3.32
3.3
3.28
3.28
3.3
3.31
3.32
3.37
3.44
3.49
3.53
3.61
4.1
4.32